%YAML 1.0
---

#--------------------------------------------------------------------------------------------
# Camera Parameters.
#--------------------------------------------------------------------------------------------

Camera:
  topic.left.right: [ "/cam0/image_raw", "/cam1/image_raw" ]
  model.left.right: [ "pinhole","pinhole" ]
  left.resolution: [ 752, 480 ]
  right.resolution: [ 752,480 ]
  left.K: [458.654, 457.296, 367.215, 248.375]
  right.K: [457.587, 456.134, 379.999, 255.238]
  left.distortion.coefficient: [-0.28340811, 0.07395907, 0.00019359, 1.76187114e-05]
  right.distortion.coefficient: [-0.28368365, 0.07451284, -0.00010473, -3.555907e-05]
  FPS: 20

ConfigFilePath:
  vocabulary.path: "/home/weihao/workspace/vio-hello-world-impl/thirdparty/Vocabulary/ORBvoc.txt"
  kf.traj.save.path: "/home/weihao/workspace/vio-hello-world-impl/vio_hw/output/euroc_out/MH_05_KF.txt"
  bag.file.path: ""


FeatureAndTracker:
  feature.Type: 0
  tracker.Type: 0
  # common params
  max.kps.num: 300
  max.kps.distance: 20
  use.clahe: 0
  clahe.val: 3
  track.keyframetoframe: 0
  use.brief: 1
  # param for gftt
  kp.quality.level: 0.001
  # param for KLT
  klt.use.prior: 1
  klt.win.size: 9
  klt.pyr.level: 3

  klt.max.iter: 30
  klt.max.px.precision: 0.01
  klt.max.fb.dist: 0.5
  klt.err: 30.

IMU:
  topic: "/imu0"
  acc_n: 2.0000e-1
  acc_w: 3.0000e-03
  gyr_n: 1.7e-4
  gyr_w: 1.9393e-05
  g_norm: 9.81
  FPS: 200

SLAM:
  stereo.mode: 1
  use.imu: 1
  force.realtime: 1
  use.Rviz: 1
  use.Pangolin: 0

LoopCloser:
  use.loop: 0
  loop.threshold: 0.1

Backend:
  use.backend: 1
  opt.window.size: 25


# Camera Extrinsic parameters T_b_ci ( v_b = T_b_ci * v_ci )
Extrinsic:
  camera.num: 2
  body_T_cam0: !!opencv-matrix
    rows: 4
    cols: 4
    dt: d
    data: [ 0.0148655429818, -0.999880929698, 0.00414029679422, -0.0216401454975,
            0.999557249008, 0.0149672133247, 0.025715529948,  -0.064676986768,
            -0.0257744366974, 0.00375618835797, 0.999660727178, 0.00981073058949,
            0., 0., 0., 1. ]

  body_T_cam1: !!opencv-matrix
    rows: 4
    cols: 4
    dt: d
    data: [ 0.0125552670891, -0.999755099723, 0.0182237714554, -0.0198435579556,
            0.999598781151, 0.0130119051815, 0.0251588363115, 0.0453689425024,
            -0.0253898008918, 0.0179005838253, 0.999517347078, 0.00786212447038,
            0., 0., 0., 1. ]


